279

51 0 5 63 3 5
75 52 256 0 5 63 7 5
286 287 11 1 7 4 11 5
299 287 11 1 7 4 5 3
200 225 12 1 7 4 10 5
286 1 7 4 7 5
75 8 116 44 5
286 1 9 96 5 5
286 1 2 13 66 22 5
51 19 3 2 13 66 1 5
93 113 13 66 11 4
51 19 3 2 14 106 3 5
228 227 3 2 14 106 7 5
75 45 2 14 106 10 5
228 227 3 16 39 8 5
246 3 16 39 4 5
246 3 17 48 9 5
51 17 48 22 5
246 17 48 28 5
75 79 33 22 20 26 79 8 5
228 241 26 79 3 5
200 28 46 15 5
228 52 256 0 6 29 14 8 5
34 22 21 29 14 2 2
157 21 29 14 17 5
221 21 29 14 7 2
75 45 29 14 7 5
45 29 14 36 5
34 111 45 2
34 22 36 34 31 2
45 22 36 34 10 5
45 36 34 11 5
212 37 16 41 3
45 22 20 24 40 23 6 5
51 23 20 24 40 23 2 5
51 23 24 40 23 3 5
45 2 144 40 23 5 5
75 76 87 42 68 4 5
51 23 38 128 42 68 5 5
75 134 154 42 68 14 5
173 42 68 3 2
51 23 24 43 10 8 5
221 21 44 38 20 2
75 44 38 19 5
45 48 83 12 5
45 50 57 100 9 5
228 50 57 100 11 5
51 61 26 37 5
51 62 78 35 5
51 155 62 78 7 5
228 240 62 78 9 5
51 65 115 3 5
51 66 91 32 5
51 67 70 9 5
51 53 72 41 3 5
228 50 54 72 41 13 5
157 54 72 41 8 5
157 54 74 5 19 5
75 78 62 39 5
75 79 103 28 5
75 76 85 54 2 5
93 76 85 54 3 4
93 76 87 30 7 4
45 130 77 89 43 25 5
157 158 168 89 43 12 5
75 101 89 6 5
45 91 101 89 29 5
212 101 89 41 3
45 91 102 105 16 5
93 91 102 105 16 4
93 96 90 92 106 97 9 4
93 92 106 97 23 4
93 92 107 35 16 4
93 108 19 23 4
93 113 117 28 4
45 275 113 117 29 5
75 275 113 117 17 5
93 114 86 11 4
45 245 114 86 2 5
51 245 114 86 7 5
75 245 114 86 1 5
246 245 114 86 2 5
75 78 94 115 1 5 5
93 97 115 1 6 4
75 78 94 116 80 3 5
93 95 119 85 11 4
75 134 95 119 85 9 5
299 287 95 119 85 2 3
45 36 121 73 15 5
299 287 95 121 73 2 3
299 287 95 124 58 17 3
228 275 124 58 7 5
93 96 127 7 17 4
93 97 129 36 1 4
45 130 136 28 3 5
45 130 77 233 136 28 1 5
228 275 281 136 28 5 5
286 281 136 28 5 5
93 96 285 140 11 2 4
157 159 131 285 140 11 9 5
159 131 285 140 11 3 4
277 141 31 34 2
51 132 143 37 16 5
45 2 144 6 6 5
75 2 144 6 8 5
157 2 144 6 2 5
157 258 2 144 6 1 5
51 132 144 6 28 5
200 132 144 6 3 5
51 155 161 144 6 3 5
157 155 161 144 6 6 5
228 52 256 266 144 6 14 5
200 132 145 81 14 5
34 146 101 23 2
45 130 133 148 45 3 5
159 131 133 148 45 15 4
159 131 133 149 42 7 4
228 149 42 27 5
286 1 150 33 8 5
45 46 88 150 33 22 5
75 46 88 150 33 5 5
45 130 77 88 150 33 3 5
157 130 77 88 150 33 1 5
159 131 133 150 33 7 4
75 134 133 150 33 2 5
75 134 133 151 99 6 5
246 133 151 99 19 5
75 134 153 104 2 5
159 131 134 153 104 2 4
157 155 160 27 26 5
159 155 160 27 17 4
159 160 27 43 4
93 97 162 61 4 4
93 96 97 162 61 3 4
200 97 162 61 1 5
200 217 162 61 5 5
286 293 162 61 27 5
246 133 150 163 52 3 5
157 156 163 52 18 5
159 156 163 52 3 4
200 156 163 52 3 5
299 287 156 163 52 3 3
75 166 92 38 5
157 166 92 8 5
157 158 168 2 17 5
159 158 168 2 3 4
246 3 186 168 2 16 5
51 276 3 186 168 2 7 5
93 76 135 83 186 168 2 2 4
286 294 186 168 2 15 5
51 23 195 255 168 2 2 5
157 130 77 195 255 168 2 2 5
286 77 195 255 168 2 8 5
228 52 256 255 168 2 2 5
51 23 257 255 168 2 26 5
157 258 255 168 2 6 5
159 158 169 114 15 4
221 171 44 28 2
173 24 71 2
159 158 175 60 1 4
159 177 40 14 4
159 178 29 39 4
228 275 178 29 5 5
159 179 110 35 4
45 180 183 12 18 5
221 21 181 184 55 8 2
45 180 181 184 55 3 5
200 225 181 184 55 1 5
286 181 184 55 13 5
228 226 184 55 1 5
157 130 187 113 2 5
51 182 187 113 18 5
228 275 187 113 12 5
51 182 188 17 12 5
228 52 182 188 17 2 5
173 193 88 45 2
200 197 196 206 95 18 5
212 197 196 206 95 8 3
246 245 206 95 5 5
75 80 207 108 4 5
45 180 207 108 4 5
212 197 196 207 108 8 3
200 196 207 108 27 5
200 219 207 108 18 5
299 219 207 108 17 3
157 164 208 69 5 5
200 196 208 69 11 5
246 196 208 69 1 5
212 94 74 3
93 108 213 20 9 4
200 198 213 20 7 5
212 197 199 216 102 8 3
286 197 199 216 102 14 5
200 199 216 102 1 5
75 257 199 216 102 1 5
200 217 119 41 5
93 218 112 37 4
159 158 218 112 19 4
221 171 158 218 112 1 2
200 218 112 35 5
228 244 218 112 2 5
200 220 87 47 5
228 226 220 87 15 5
221 109 55 2
157 223 59 49 5
200 223 59 4 5
93 92 229 74 1 4
200 97 92 229 74 1 5
246 92 229 74 28 5
159 179 229 74 13 4
200 225 229 74 11 5
45 249 229 74 20 5
200 225 231 13 5 5
228 50 59 232 32 19 5
221 171 158 174 59 232 32 1 2
173 158 174 59 232 32 1 2
277 158 174 59 232 32 1 2
228 226 232 32 11 5
286 77 233 21 8 5
246 233 21 28 5
51 276 3 236 93 5 5
246 276 3 236 93 12 5
228 227 236 93 16 5
228 237 65 19 5
228 238 56 5 5
228 241 98 13 5
246 242 118 21 5
228 243 72 10 5
228 244 18 35 5
45 249 49 12 5
246 245 249 49 4 5
286 249 49 16 5
75 257 199 118 250 76 10 5
157 210 128 250 76 13 5
246 245 250 76 34 5
246 92 107 251 50 11 5
200 225 251 50 5 5
246 251 50 26 5
299 287 95 123 253 47 1 3
34 146 253 47 1 2
246 253 47 20 5
286 292 253 47 14 5
246 254 9 14 5
157 210 191 259 15 12 5
157 258 255 259 15 1 5
228 275 255 259 15 7 5
277 275 255 259 15 1 2
51 68 261 25 3 5
277 275 255 261 25 27 2
246 133 263 64 13 5
228 52 256 263 64 13 5
228 226 256 263 64 1 5
75 257 256 263 64 1 5
286 257 256 263 64 9 5
200 267 77 9 5
286 257 256 267 77 2 5
286 257 256 269 8 7 5
157 258 256 269 8 4 5
157 271 84 35 5
286 77 195 271 84 6 5
200 195 271 84 3 5
157 258 273 71 25 5
277 0 53 2
277 275 278 57 2 2
299 278 57 33 3
286 281 107 11 5
159 100 283 67 2 4
246 276 283 67 1 5
277 275 255 168 284 82 2 2
200 195 271 168 284 82 1 5
157 258 256 271 168 284 82 2 5
246 276 284 82 1 5
159 131 285 288 22 2 4
286 285 288 22 12 5
286 292 75 32 5
286 294 53 24 5
286 295 3 24 5
299 287 298 90 12 3
299 51 88 3
