165

3 0 7 17 44 5
3 55 0 7 17 1 5
3 60 0 7 17 3 5
3 16 7 17 4 5
3 21 30 7 17 2 5
3 37 30 7 17 29 5
103 155 76 7 17 2 4
69 66 65 78 7 17 1 5
129 144 78 7 17 2 5
103 7 17 1 4
129 10 1 9 12 18 5
3 120 1 9 12 1 5
14 32 120 4
3 16 54 19 5
69 68 70 94 16 54 4 5
36 126 128 94 16 54 5 5
129 128 94 16 54 4 5
103 155 94 16 54 8 4
155 94 16 54 13 5
3 18 34 44 5
14 45 18 34 8 4
69 90 19 7 12 5
3 23 45 24 5
3 21 26 1 22 5
3 21 27 19 12 5
103 20 21 27 19 3 4
14 31 33 45 4
155 31 33 27 5
155 158 31 33 4 5
129 128 41 9 7 5
36 35 44 23 3 5
3 120 44 23 12 5
36 120 44 23 1 5
129 128 127 139 44 23 12 5
14 45 39 29 4
103 20 21 26 45 39 5 4
129 21 26 45 39 3 5
36 46 45 39 20 5
129 127 139 45 39 4 5
129 21 27 47 35 6 5
14 132 27 47 35 6 4
3 37 47 35 3 5
14 38 48 29 20 4
36 38 48 29 13 5
3 37 38 48 29 5 5
36 37 38 48 29 6 5
69 68 70 56 96 48 29 5 5
36 126 134 117 48 29 3 5
36 120 57 46 17 5
36 40 58 3 3 5
103 58 3 28 4
155 156 58 3 10 5
36 40 59 63 3 5
3 60 0 2 133 59 63 6 5
3 60 55 17 5
3 22 33 62 2 11 5
103 20 22 33 62 2 2 4
155 22 33 62 2 29 5
36 40 62 2 24 5
36 37 40 62 2 12 5
36 46 62 2 11 5
36 37 40 64 57 23 5
36 37 38 40 64 57 1 5
69 37 38 40 64 57 10 5
103 64 57 23 4
69 65 72 14 20 5
69 71 65 72 14 12 5
69 71 65 73 24 6 5
36 102 116 73 24 25 5
69 101 102 116 73 24 2 5
103 102 116 73 24 2 4
129 144 78 31 18 5
69 37 38 53 79 49 7 5
69 90 52 38 53 79 49 1 5
69 71 65 79 49 8 5
129 130 65 79 49 11 5
36 120 124 79 49 2 5
69 90 52 38 53 80 28 1 5
103 38 53 80 28 14 4
129 53 80 28 9 5
69 66 80 28 7 5
103 66 80 28 5 4
129 80 28 35 5
129 81 62 21 5
103 20 84 53 15 4
103 38 85 16 11 4
155 38 85 16 6 5
69 68 85 16 1 5
3 13 87 5 4 5
36 35 87 5 26 5
36 39 35 87 5 11 5
129 128 41 35 87 5 1 5
129 128 125 35 87 5 3 5
69 87 5 32 5
69 88 51 37 5
69 89 40 38 5
36 120 1 8 95 89 40 16 5
155 1 8 95 89 40 5 5
3 91 26 16 5
69 91 26 39 5
69 68 70 56 96 56 15 5
69 68 70 96 56 1 5
69 71 97 60 6 5
155 22 98 20 7 5
69 71 98 20 3 5
155 71 98 20 1 5
155 71 99 0 8 5
3 60 0 2 12 104 18 3 5
3 2 12 104 18 10 5
69 88 12 104 18 3 5
3 100 104 18 2 5
103 100 104 18 37 4
103 100 105 58 3 4
129 100 105 58 4 5
69 68 67 107 36 5 5
69 67 107 36 11 5
69 70 67 107 36 4 5
155 100 107 36 21 5
69 101 110 43 2 5
103 101 110 43 3 4
129 128 110 43 11 5
103 101 111 30 6 4
103 101 112 52 10 4
103 101 113 61 25 4
103 101 115 50 1 4
103 102 116 22 8 4
36 120 116 22 5 5
155 120 116 22 9 5
155 120 121 4 17 5
36 126 135 121 4 5 5
155 120 124 38 13 5
36 46 131 21 12 5
129 128 125 131 21 6 5
129 125 131 21 24 5
36 126 131 21 3 5
129 126 131 21 1 5
14 132 15 12 4
36 39 2 133 11 18 5
3 55 39 2 133 11 2 5
129 125 133 11 17 5
155 125 133 11 28 5
155 152 133 11 11 5
129 127 137 47 1 5
129 127 138 25 6 5
129 127 139 37 4 5
155 139 37 26 5
129 127 141 41 3 5
103 101 109 142 59 1 4
129 128 142 59 5 5
129 142 59 15 5
3 55 39 2 143 44 4 5
103 101 108 2 143 44 1 4
155 2 143 44 2 5
129 143 44 10 5
129 145 10 7 5
69 87 147 27 6 5
129 147 27 1 5
129 149 42 11 5
103 118 153 6 26 4
155 125 153 6 12 5
129 130 153 6 20 5
36 136 153 6 28 5
155 156 48 28 5
155 157 8 3 5
155 159 13 20 5
