680

53 34 15 0 3 111 4 1
142 15 0 3 111 5 5
182 54 103 3 111 15 3
54 103 3 111 9 4
144 0 7 56 8 5
610 7 56 16 2
11 2 1 8 153 8 3
215 1 9 68 15 3
11 2 10 168 16 3
11 250 72 3
142 15 17 27 31 5
142 15 19 216 10 5
192 15 19 216 2 5
478 19 216 34 2
367 22 213 34 2
11 2 20 23 166 10 3
367 22 20 23 166 9 2
563 25 20 23 166 2 1
144 20 23 166 17 5
142 141 143 159 23 166 7 5
142 143 159 23 166 2 5
563 25 247 21 1
144 318 21 27 81 21 5
334 318 21 27 81 5 1
445 538 21 27 81 1 5
142 31 30 37 164 3 5
142 31 30 38 255 6 5
339 33 30 38 255 9 5
226 30 38 255 19 5
92 69 93 177 38 255 1 4
215 315 321 38 255 3 3
226 30 39 243 2 5
334 318 30 39 243 6 1
461 253 252 266 39 243 3 5
334 318 30 40 78 23 1
349 336 30 40 78 1 2
439 351 336 30 40 78 1 0
336 30 41 217 12 5
336 30 43 63 6 5
336 30 44 44 10 5
142 31 45 21 19 5
626 633 45 21 15 5
53 34 52 294 9 1
184 173 578 590 52 294 3 1
349 186 173 578 590 52 294 1 2
425 173 578 590 52 294 3 5
388 578 590 52 294 2 4
53 5 18 1
54 120 111 4
54 35 56 308 12 4
672 745 36 446 455 56 308 11 5
445 446 455 56 308 7 5
54 35 58 19 6 4
54 35 59 39 20 4
62 35 59 39 6 3
62 259 58 3
672 745 36 64 1 20 5
388 578 65 73 161 14 4
445 538 770 65 73 161 6 5
144 0 460 465 73 161 7 5
445 0 460 465 73 161 1 5
425 173 464 460 465 73 161 2 5
474 463 475 465 73 161 2 1
445 538 770 65 74 20 3 5
215 315 560 770 65 74 20 1 3
387 384 66 75 95 24 5
192 15 194 213 75 95 11 5
54 80 295 30 4
144 67 80 295 4 5
751 67 80 295 7 5
92 11 67 4
474 94 70 95 97 2 1
461 70 95 97 5 5
371 536 543 95 97 15 5
461 70 99 72 15 5
389 99 72 42 2
461 70 71 102 86 23 5
336 635 71 102 86 4 5
192 190 191 105 109 71 9 5
371 370 190 191 105 109 71 4 5
192 191 105 109 71 3 5
11 2 106 112 136 6 3
519 14 2 106 112 136 1 1
339 2 106 112 136 2 5
228 106 112 136 5 3
339 2 127 625 106 112 136 6 5
425 625 106 112 136 2 5
672 106 112 136 11 5
192 193 204 112 136 5 5
672 106 114 85 13 5
672 107 115 3 21 5
182 117 30 14 3
182 117 108 122 201 13 3
182 117 108 118 122 201 1 3
215 108 118 122 201 3 3
336 126 131 122 201 2 5
142 141 153 131 122 201 4 5
144 141 153 131 122 201 12 5
282 128 249 36 2
282 128 125 129 203 7 2
226 125 129 203 10 5
336 126 132 239 13 5
336 126 133 241 5 5
336 126 135 277 7 5
339 2 127 136 83 1 5
349 137 127 136 83 6 2
192 485 490 136 83 9 5
610 149 60 32 2
144 141 150 187 9 5
154 141 150 187 3 1
371 370 141 150 187 1 5
371 370 141 151 80 7 5
370 141 151 80 1 3
445 141 151 80 11 5
445 141 152 156 8 5
154 110 11 1
142 156 139 10 5
142 157 261 26 5
142 143 160 96 2 5
142 143 163 221 35 5
144 143 163 221 11 5
192 193 204 163 221 3 5
144 143 165 24 9 5
144 166 127 16 5
626 633 166 127 2 5
144 167 155 21 5
192 752 762 167 155 9 5
215 108 145 169 236 5 3
370 301 145 169 236 2 3
215 315 560 145 169 236 11 3
673 170 174 131 7 5
92 69 93 177 288 19 4
336 171 177 288 13 5
192 485 171 177 288 31 5
672 745 171 177 288 4 5
745 171 177 288 2 5
745 171 178 282 14 5
182 196 63 3
182 172 183 279 4 3
425 173 189 174 4 5
370 190 195 266 7 3
192 191 197 209 43 5
371 785 789 197 209 3 5
192 191 199 58 2 5
370 191 199 58 6 3
370 191 200 181 3 3
192 193 206 312 7 5
62 35 227 193 206 312 2 3
445 193 206 312 6 5
215 600 607 206 312 6 3
445 193 207 142 15 5
645 207 142 5 3
445 193 208 118 4 5
672 193 208 118 18 5
675 670 677 208 118 2 2
192 15 194 210 269 7 5
387 420 210 269 13 5
192 15 194 211 299 23 5
192 194 211 299 11 5
192 194 212 194 21 5
216 194 212 194 2 5
228 383 194 212 194 2 3
672 194 212 194 2 5
672 194 213 137 24 5
216 220 41 20 5
226 236 220 41 3 5
745 747 220 41 24 5
216 221 179 4 5
216 222 84 13 5
715 223 82 37 2
216 224 212 32 5
226 225 231 171 12 5
215 108 123 232 184 2 3
336 347 709 123 232 184 2 5
226 225 232 184 18 5
228 225 232 184 16 3
371 225 232 184 7 5
705 707 738 232 184 10 5
226 234 115 15 5
226 235 263 7 5
610 257 235 263 2 2
257 235 263 16 3
226 236 51 8 5
216 15 254 274 760 236 51 15 5
226 237 190 19 5
226 238 300 26 5
461 469 238 300 7 5
226 239 61 23 5
62 35 227 241 260 8 3
228 243 34 35 3
645 245 243 34 5 3
216 15 690 692 138 244 270 4 5
387 385 690 692 138 244 270 1 5
425 690 692 138 244 270 1 5
228 244 270 3 3
645 245 47 33 3
339 2 229 246 151 1 5
339 2 229 247 305 5 5
339 2 229 248 202 10 5
92 69 229 248 202 11 4
92 69 229 249 13 3 4
216 561 229 249 13 1 5
371 561 229 249 13 18 5
184 256 114 43 1
257 140 84 3
184 256 250 251 260 42 4 1
388 250 251 260 42 6 4
388 250 251 262 290 5 4
265 251 262 290 1 3
265 251 263 195 10 3
265 6 72 3
461 253 252 266 297 3 5
388 578 590 266 297 7 4
461 253 268 107 26 5
461 253 269 230 8 5
672 32 47 271 254 9 5
349 186 271 254 11 2
461 253 271 254 1 5
216 15 254 273 210 13 5
371 561 15 254 273 210 2 5
371 275 280 226 14 5
370 576 275 280 226 8 3
461 253 276 281 319 2 5
282 276 281 319 3 2
282 92 35 2
282 276 283 208 11 2
282 276 285 215 8 2
705 338 276 285 215 3 5
226 277 288 14 2 5
339 33 49 289 8 10 5
226 277 289 8 16 5
226 277 290 36 21 5
226 277 291 180 2 5
371 561 277 291 180 5 5
215 601 277 291 180 16 3
216 300 304 258 11 5
305 79 24 1
228 508 524 38 308 94 5 3
626 508 524 38 308 94 2 5
216 300 308 94 1 5
144 537 554 308 94 11 5
672 107 116 312 268 8 5
370 301 312 268 6 3
388 301 312 268 19 4
425 636 301 312 268 6 5
673 301 312 268 12 5
142 302 313 134 30 5
142 302 314 172 4 5
339 671 302 314 172 5 5
226 772 780 314 172 1 5
673 170 316 324 314 1 5
371 561 229 249 325 138 9 5
745 229 249 325 138 3 5
673 170 316 325 138 6 5
673 170 316 326 89 10 5
216 279 317 316 326 89 9 5
370 317 316 326 89 1 3
370 317 316 327 310 7 3
370 317 316 328 228 9 3
334 318 316 328 228 15 1
192 752 318 316 328 228 8 5
339 380 316 328 228 6 5
445 316 328 228 3 5
445 538 316 328 228 1 5
461 653 316 328 228 7 5
215 108 488 504 328 228 8 3
192 488 504 328 228 6 5
370 317 329 54 8 3
370 317 332 43 12 3
370 317 333 46 3 3
675 670 317 333 46 9 2
144 20 335 340 175 9 5
216 335 340 175 23 5
192 752 318 335 340 175 4 5
336 335 340 175 5 5
679 343 335 340 175 7 3
182 172 428 335 340 175 1 3
144 20 386 415 340 175 13 5
182 172 428 335 341 205 1 3
461 335 341 205 25 5
705 729 341 205 19 5
461 335 342 197 4 5
336 635 335 342 197 11 5
336 635 335 344 306 8 5
336 346 31 41 5
336 347 224 17 5
349 233 37 2
192 337 353 296 6 5
226 337 353 296 2 5
226 337 354 183 11 5
751 562 573 354 183 4 5
705 338 357 130 17 5
216 360 364 145 2 5
370 360 364 145 5 3
397 365 17 48 3
397 697 547 365 17 3 3
367 235 34 2
371 375 191 23 5
371 377 98 10 5
389 167 15 2
305 300 306 391 292 12 1
339 447 300 306 391 292 11 5
745 300 306 391 292 1 5
339 380 391 292 14 5
387 380 391 292 18 5
387 380 392 15 18 5
387 382 381 393 231 22 5
397 382 381 393 231 9 3
339 651 661 393 231 7 5
397 382 381 394 2 2 3
387 381 394 2 27 5
387 381 396 311 9 5
388 381 396 311 4 4
445 538 381 396 311 2 5
626 381 396 311 6 5
339 671 381 396 311 20 5
192 488 502 396 311 1 5
397 87 46 3
397 382 399 146 15 3
349 137 127 703 724 399 146 7 2
216 703 724 399 146 17 5
397 382 400 158 1 3
228 383 403 316 30 3
371 383 404 103 13 5
371 383 405 4 11 5
388 383 405 4 11 4
54 498 405 4 1 4
387 384 408 177 1 5
388 384 408 177 5 4
387 385 412 262 5 5
371 536 544 412 262 10 5
672 680 412 262 2 5
92 413 75 46 4
387 385 413 75 5 5
144 20 386 415 227 2 5
216 386 415 227 19 5
387 380 386 415 227 1 5
397 382 386 415 227 9 3
461 382 386 415 227 6 5
339 651 659 415 227 3 5
461 382 386 416 109 17 5
387 386 416 109 7 5
387 386 418 242 2 5
388 386 418 242 2 4
425 386 418 242 21 5
387 420 77 15 5
339 447 459 294 421 163 6 5
62 572 294 421 163 23 3
228 786 792 294 421 163 8 3
182 172 361 368 422 25 1 3
387 422 25 34 5
387 423 32 28 5
626 629 430 119 16 5
425 431 281 6 5
371 225 230 432 245 1 5
425 432 245 40 5
425 433 192 47 5
192 488 504 433 192 2 5
626 15 426 438 129 11 5
336 126 426 438 129 5 5
672 126 426 438 129 10 5
339 671 302 426 438 129 12 5
679 671 302 426 438 129 3 3
439 285 21 0
445 448 307 15 5
336 30 42 449 91 1 5
626 630 42 449 91 7 5
445 449 91 34 5
387 385 410 450 189 8 5
745 385 410 450 189 19 5
445 450 189 33 5
445 451 271 31 5
445 446 453 126 2 5
519 507 446 453 126 1 1
673 446 453 126 16 5
705 446 453 126 11 5
745 300 307 454 73 7 5
705 446 454 73 28 5
228 786 794 454 73 2 3
371 561 786 794 454 73 2 5
796 786 794 454 73 5 2
339 447 456 200 17 5
425 173 464 460 466 234 2 5
679 466 234 41 3
461 462 471 286 14 5
679 671 462 471 286 8 3
474 463 473 28 12 1
478 463 473 28 1 2
474 309 29 1
388 384 409 477 147 34 4
478 463 477 147 9 2
478 10 28 2
425 173 464 481 76 4 5
336 464 481 76 24 5
461 464 481 76 2 5
673 689 481 76 33 5
689 481 76 2 1
705 706 735 481 76 3 5
11 482 165 38 3
461 464 482 165 16 5
461 464 483 133 11 5
192 485 489 317 1 5
216 485 489 317 17 5
751 486 491 152 9 5
371 579 597 748 491 152 2 5
445 579 597 748 491 152 7 5
751 486 492 278 7 5
387 423 494 199 1 5
371 487 494 199 6 5
371 487 496 283 10 5
461 653 487 496 283 18 5
705 487 496 283 8 5
336 30 40 497 178 12 5
705 487 497 178 3 5
192 488 502 143 13 5
336 488 502 143 7 5
425 488 502 143 5 5
751 486 488 502 143 11 5
425 636 488 502 143 9 5
530 511 149 39 2
339 33 505 512 52 3 5
215 219 598 513 57 18 3
144 143 159 516 182 9 5
371 373 516 182 12 5
339 33 505 516 182 15 5
425 505 516 182 15 5
425 505 506 517 298 3 5
530 511 505 506 517 298 2 2
445 538 505 506 517 298 1 5
257 518 223 14 3
519 257 41 1
519 507 521 88 1 1
519 507 522 289 6 1
745 507 522 289 11 5
62 35 57 527 274 5 3
626 508 527 274 25 5
461 650 691 508 527 274 14 5
626 15 16 529 276 2 5
530 510 509 529 276 19 2
705 510 509 529 276 19 5
530 104 40 2
796 533 185 31 2
705 510 534 26 18 5
336 635 71 100 540 318 18 5
53 541 50 19 1
672 32 535 541 50 12 5
142 535 541 50 5 5
461 653 535 541 50 1 5
672 653 535 541 50 2 5
371 536 543 37 7 5
675 543 37 42 2
673 170 175 549 108 3 5
371 536 549 108 3 5
216 485 536 549 108 8 5
144 537 536 549 108 10 5
257 773 549 108 1 3
339 2 13 550 144 9 5
144 537 536 550 144 2 5
751 536 550 144 44 5
265 552 275 16 3
144 537 554 122 18 5
215 537 554 122 1 3
445 538 537 554 122 1 5
445 538 556 204 12 5
796 786 794 556 204 10 2
626 15 539 557 99 22 5
182 172 361 539 557 99 5 3
265 616 557 99 7 3
182 172 361 539 558 170 6 3
672 172 361 539 558 170 1 5
367 361 539 558 170 13 2
367 361 539 559 35 10 2
626 361 539 559 35 9 5
445 538 539 559 35 4 5
563 106 15 1
388 560 565 287 13 4
751 67 81 566 159 12 5
388 560 566 159 3 4
563 560 566 159 6 1
672 560 566 159 14 5
672 560 569 253 6 5
626 634 569 253 10 5
228 242 570 267 37 3
371 561 570 267 2 5
62 572 112 26 3
751 562 572 112 1 5
144 575 580 53 3 5
144 575 582 55 10 5
144 575 584 117 8 5
370 576 585 101 8 3
370 576 586 105 5 3
387 577 587 219 2 5
388 578 588 280 9 4
745 578 588 280 4 5
745 578 589 232 5 5
745 578 591 16 11 5
445 579 594 591 16 1 5
745 578 592 315 21 5
445 579 593 132 9 5
445 579 595 229 10 5
461 579 595 229 5 5
461 579 596 291 1 5
144 575 579 596 291 8 5
215 600 604 45 15 3
215 600 606 173 3 3
626 600 606 173 21 5
425 636 600 606 173 12 5
672 560 770 65 68 84 608 252 3 5
751 67 68 84 608 252 9 5
92 69 68 84 608 252 15 4
215 601 608 252 8 3
215 601 609 240 6 3
610 93 44 2
370 602 611 0 29 3
371 561 0 6 612 116 1 5
388 602 612 116 2 4
679 671 302 426 602 613 90 7 3
439 426 602 613 90 2 0
610 602 613 90 3 2
672 126 603 614 256 7 5
672 126 603 615 18 2 5
228 603 615 18 5 3
265 616 251 16 3
144 143 161 617 38 3 5
672 107 620 143 161 617 38 2 5
228 603 617 38 2 3
339 447 603 617 38 1 5
745 507 603 617 38 6 5
215 601 603 617 38 2 3
265 616 603 617 38 11 3
265 616 603 619 49 4 3
425 625 603 619 49 2 5
672 107 620 622 188 5 5
425 625 627 198 9 5
626 629 113 22 5
626 631 238 16 5
626 634 313 14 5
336 635 639 244 9 5
216 485 635 639 244 22 5
154 669 639 244 9 1
425 636 640 211 12 5
645 637 644 160 16 3
645 246 39 3
645 637 647 12 8 3
461 650 655 48 3 5
349 658 264 15 2
339 651 658 264 25 5
672 107 620 651 659 207 1 5
425 620 651 659 207 2 5
626 651 659 207 11 5
626 651 661 176 10 5
645 637 651 661 176 6 3
673 637 651 661 176 13 5
142 652 662 125 15 5
142 652 663 66 22 5
610 7 665 29 3 2
672 106 114 665 29 1 5
388 250 255 348 665 29 26 4
370 427 442 255 348 665 29 3 3
336 348 665 29 3 5
142 652 665 29 7 5
745 652 665 29 23 5
672 653 668 124 12 5
154 669 102 19 1
675 670 674 225 9 2
675 222 38 2
679 671 678 303 2 3
679 148 60 3
461 253 268 683 302 5 5
673 683 302 26 5
673 684 9 8 5
62 35 58 685 304 3 3
626 361 369 685 304 1 5
751 361 369 685 304 3 5
371 785 361 369 685 304 15 5
673 685 304 30 5
673 686 206 20 5
689 123 48 1
425 690 693 169 15 5
745 690 693 169 2 5
745 690 695 128 2 5
371 785 690 695 128 3 5
445 785 690 695 128 3 5
226 234 696 59 18 5
425 620 624 696 59 5 5
339 447 620 624 696 59 9 5
461 650 691 696 59 6 5
397 697 691 696 59 8 3
751 691 696 59 6 5
388 250 258 698 33 1 4
751 691 698 33 34 5
388 383 404 699 135 15 4
336 347 709 40 15 5
445 141 700 709 40 2 5
705 700 709 40 26 5
265 251 264 435 710 67 13 3
673 301 251 264 435 710 67 2 5
425 435 710 67 18 5
563 710 67 1 1
371 701 711 69 15 5
142 31 702 701 711 69 2 5
673 687 712 284 40 5
142 31 702 701 712 284 4 5
339 702 701 712 284 6 5
62 35 59 714 237 13 3
387 421 714 237 5 5
439 426 438 714 237 1 0
339 702 714 237 19 5
705 707 702 714 237 1 5
715 702 714 237 28 2
715 150 30 2
216 703 721 121 3 5
92 69 68 85 722 265 1 4
142 69 68 85 722 265 1 5
673 69 68 85 722 265 14 5
370 427 68 85 722 265 1 3
425 427 68 85 722 265 5 5
445 427 68 85 722 265 7 5
216 703 722 265 14 5
673 683 726 248 9 5
388 704 726 248 2 4
388 704 727 141 19 4
705 704 727 141 11 5
388 383 407 728 22 1 4
705 704 728 22 10 5
796 786 704 728 22 7 2
705 730 70 1 5
705 707 741 186 31 5
705 708 742 214 21 5
745 746 220 18 5
144 575 579 597 748 74 9 5
370 576 575 579 597 748 74 5 3
745 748 74 8 5
745 749 293 32 5
751 637 750 755 100 12 5
461 650 750 755 100 2 5
751 750 755 100 16 5
751 759 273 14 5
626 15 254 274 760 193 2 5
626 254 274 760 193 16 5
751 760 193 23 5
796 760 193 6 2
192 752 764 154 13 5
745 300 306 765 157 25 5
672 753 765 157 7 5
751 753 765 157 12 5
305 768 753 765 157 9 1
445 785 753 765 157 1 5
215 219 598 766 301 10 3
370 576 575 579 598 766 301 3 3
370 576 579 598 766 301 4 3
445 785 753 766 301 5 5
257 773 62 35 3
54 103 390 776 23 11 4
387 380 390 776 23 4 5
389 380 390 776 23 8 2
339 771 776 23 17 5
226 772 781 7 15 5
371 772 781 7 9 5
445 538 21 27 782 64 1 5
62 35 227 240 782 64 5 3
672 653 227 240 782 64 7 5
745 227 240 782 64 12 5
371 772 782 64 10 5
751 772 782 64 5 5
445 785 788 65 3 5
626 785 788 65 10 5
796 272 29 2
215 108 120 797 162 17 3
339 108 120 797 162 1 5
705 510 509 108 120 797 162 2 5
672 32 787 797 162 2 5
672 560 145 787 797 162 2 5
796 786 145 787 797 162 9 2
672 172 787 797 162 11 5
705 338 276 787 797 162 8 5
370 360 276 787 799 218 14 3
751 772 276 787 799 218 4 5
751 637 787 799 218 17 5
796 786 787 799 218 3 2
